2520.89990234375
2523.300048828125
2526.0
2532.39990234375
2529.300048828125
2530.0
2530.60009765625
2529.60009765625
2529.949951171875
2530.89990234375
2531.64990234375
2530.449951171875
2530.35009765625
2527.0
2526.5
2527.949951171875
2530.300048828125
2528.550048828125
2529.949951171875
2529.60009765625
2531.5
2530.89990234375
2529.39990234375
2527.60009765625
2528.449951171875
2528.39990234375
2527.85009765625
2527.39990234375
2526.89990234375
2527.35009765625
2526.050048828125
2526.800048828125
2526.949951171875
2526.75
2527.0
2524.60009765625
2524.550048828125
2525.5
2525.14990234375
2523.699951171875
2522.89990234375
2524.85009765625
2525.449951171875
2525.0
2525.949951171875
2526.14990234375
2526.89990234375
2530.5
2529.89990234375
2527.89990234375
2527.949951171875
2528.050048828125
2528.0
2528.300048828125
2528.35009765625
2528.10009765625
2528.89990234375
2529.0
2528.699951171875
2529.199951171875
2529.85009765625
2529.39990234375
2529.39990234375
2529.25
2529.5
2528.64990234375
2527.449951171875
2527.5
2527.75
2526.85009765625
2528.050048828125
2527.35009765625
2527.60009765625
2527.25
2528.75
2529.5
2530.0
2535.300048828125
2534.949951171875
2533.39990234375
2533.050048828125
2533.75
2536.0
2535.449951171875
2533.949951171875
2533.550048828125
2532.0
2532.0
2532.0
2530.25
2531.64990234375
2531.949951171875
2530.0
2529.800048828125
2528.800048828125
2530.85009765625
2531.5
2531.60009765625
2529.449951171875
2530.10009765625
2531.60009765625
2531.85009765625
2531.949951171875
2533.25
2533.699951171875
2533.39990234375
2532.89990234375
2533.75
2533.0
2532.10009765625
2533.0
2533.64990234375
2533.0
2533.0
2532.39990234375
2532.949951171875
2532.75
2532.85009765625
2532.25
2531.300048828125
2531.949951171875
2531.449951171875
2533.5
2533.89990234375
2532.64990234375
2533.050048828125
2534.75
2534.89990234375
2536.5
2538.050048828125
2542.699951171875
2538.300048828125
2539.39990234375
2540.550048828125
2539.75
2540.64990234375
2541.800048828125
2541.14990234375
2540.89990234375
2540.39990234375
2540.0
2537.5
2536.60009765625
2538.64990234375
2538.10009765625
2538.35009765625
2537.0
2537.85009765625
2537.0
2537.25
2535.199951171875
2536.949951171875
2536.300048828125
2536.89990234375
2537.5
2535.949951171875
2536.5
2536.300048828125
2535.0
2534.60009765625
2534.300048828125
2534.85009765625
2535.85009765625
2534.300048828125
2534.0
2535.949951171875
2536.199951171875
2535.449951171875
2535.75
2536.35009765625
2536.35009765625
2536.35009765625
2535.0
2533.5
2534.10009765625
2534.0
2534.0
2533.800048828125
2532.35009765625
2532.10009765625
2531.300048828125
2531.64990234375
2531.800048828125
2529.64990234375
2531.0
2531.10009765625
2532.550048828125
2532.89990234375
2532.300048828125
2533.199951171875
2533.050048828125
2530.85009765625
2531.0
2532.64990234375
2534.64990234375
2533.85009765625
2533.14990234375
2531.699951171875
2530.449951171875
2531.800048828125
2531.10009765625
2532.64990234375
2532.800048828125
2534.050048828125
2534.5
2537.0
2535.10009765625
2535.10009765625
2532.75
2533.10009765625
2534.0
2535.199951171875
2534.5
2531.699951171875
2528.449951171875
2528.949951171875
2528.89990234375
2526.949951171875
2528.949951171875
2530.0
2528.25
2529.39990234375
2529.550048828125
2528.449951171875
2528.550048828125
2528.60009765625
2528.39990234375
2527.300048828125
2527.699951171875
2527.300048828125
2526.199951171875
2529.25
2526.5
2527.60009765625
2527.949951171875
2527.550048828125
2527.050048828125
2528.550048828125
2527.75
2527.64990234375
2528.199951171875
2527.35009765625
2529.0
2528.5
2530.5
2531.14990234375
2527.25
2528.14990234375
2528.64990234375
2530.10009765625
2529.699951171875
2529.800048828125
2528.050048828125
2525.800048828125
2526.89990234375
2528.550048828125
2527.199951171875
2527.39990234375
2527.050048828125
2528.75
2529.85009765625
2530.800048828125
2531.0
2530.10009765625
2530.300048828125
2529.550048828125
2528.60009765625
2529.050048828125
2528.050048828125
2529.39990234375
2529.25
2528.89990234375
2527.199951171875
2528.85009765625
2529.14990234375
2528.60009765625
2528.75
2528.85009765625
2527.60009765625
2529.25
2527.550048828125
2528.050048828125
2528.050048828125
2528.64990234375
2528.60009765625
2528.550048828125
2528.60009765625
2528.0
2528.0
2526.60009765625
2526.64990234375
2527.300048828125
2527.449951171875
2528.050048828125
2528.050048828125
2527.10009765625
2526.75
2526.800048828125
2527.0
2526.89990234375
2527.300048828125
2527.14990234375
2527.25
2527.449951171875
2527.64990234375
2527.199951171875
2527.449951171875
2527.10009765625
2527.199951171875
2527.64990234375
2527.60009765625
2527.64990234375
2527.89990234375
2527.0
2527.199951171875
2527.0
2527.300048828125
2527.050048828125
2527.199951171875
2527.25
2527.0
2526.449951171875
2526.75
2525.0
2525.35009765625
2526.0
2525.25
2526.5
2525.0
2525.0
2525.0
2525.25
2525.199951171875
2525.10009765625
2525.050048828125
2525.550048828125
2526.550048828125
2526.800048828125
2527.0
2527.35009765625
2526.89990234375
2527.550048828125
2527.0
2526.949951171875
2527.800048828125
2527.89990234375
2531.0
2529.5
2529.050048828125
2528.75
2527.5
2527.14990234375
2524.75
2524.199951171875
2523.5
2522.0
2523.949951171875
2522.0
2523.300048828125
2522.5
2521.050048828125
2519.949951171875
2520.0
2520.0
2519.699951171875
2519.5
2520.949951171875
2519.949951171875
2519.800048828125
2519.300048828125
2519.0
2519.35009765625
2518.949951171875
2522.199951171875
